0243S1 =>  0 1 2 3 4 5 6 3 7 8 9 10 11
0248S1 =>  12 13 5 14
0249S1 =>  21 19 18 17 16
0249S2 =>  16 17 18 19 20
0151S1 =>  21 19 18 22 23 24 25 26 27 28 29 26 30 24 31 32 33 34 31 24 35 36 37 38 39 40
0151S2 =>  40 41 42 43 37 36 35 24 31 34 33 32 31 24 30 26 29 28 27 26 25 24 44 22 23 19 20
0152S1 =>  21 19 18 22 23 24 25 26 27 28 29 26 30 24 35 37 38 39 40 45
0152S2 =>  40 41 42 43 37 35 24 30 26 29 28 27 26 25 24 44 22 23 19 20 46
0239S1 =>  47 48 20 49 16 17 50 51 27
0239S2 =>  27 26 25 24 52 53 17 16 54 21 55
0263S1 =>  47 48 20 49 16 17 56 57 58 33 34 31 24 59 60 29 28 27 60
0263S2 =>  60 25 24 52 53 17 16 54 21 55
0022S1 =>  61 62 63 64 65 66 20 67 68 69 70 71
0022S2 =>  71 72 73 69 21 74 21 55 66 75 61
0101S1 =>  20 69 70 71 76 72 73 69 77 78 79 80 26 25 24 52 17 16 40 81 82 83 84 85 86 87 88 89 90 91 92 93 94
0101S2 =>  94 93 92 91 90 89 88 87 86 95 84 85 86 96 65 97 83 82 81 98 18 49 16 17 99 24 25 26 80 79 78 100 101 71 76 72 73 69 77 47 21
0131S1 =>  102 103 104 103 105 68 69 70 71
0131S2 =>  71 72 73 69 106 105 107 108 104 109 110 111 112
0132S1 =>  103 105 68 69 70 71
0132S2 =>  71 72 73 69 106 105 107 108
0208S1 =>  20 67 68 69 70 71
0208S2 =>  71 72 73 69 74 21
0241S1 =>  47 48 20 67 68 69 70 71
0241S2 =>  71 72 73 69 74 21 55
0305S1 =>  115 116 117 118 119 120 121 122 123 124
0305S2 =>  124 125 122 126 127 128 129 118 130 131 132 133 134 115
0306S1 =>  135 136 134 137 138 131 139 140 132 141 129 142 143 144 120 121 122 123 124
0306S2 =>  124 145 146 122 126 127 147 148 149 150 151 141 152 153 154 155 156 131 138 137 134 157 134 136 135
0242S1 =>  144 158 119 159 160 161 162 163 164 165 166 167 168 169
0242S2 =>  169 170 167 171 172 161 160 173 127 129
0227S1 =>  174 175 176 177 178 179 180 181 182 183 184 185 186
0227S2 =>  186 187 188 189 186 185 184 183 182 190 180 191 179 180 178
0230S1 =>  174 175 176 177 178 179 180 191 179 192 193 194 195 196
0230S2 =>  196 197 122 198 199 200 201 197 202 195 194 193 192 179 180 178
0233S1 =>  174 175 176 177 178 179 180 191 179 203 204 205 206 207
0233S2 =>  207 206 205 204 203 179 180 178
0234S1 =>  174 175 176 177 178 179 180 191 179 203 204 205 206 207
0234S2 =>  207 206 205 204 203 179 180
0236S1 =>  174 178 179 180 208 209 210 180 191 179 211 193 194 195 196 212 213 214 196 195 179 215 216
0236S2 =>  216 217 218 219 220 221 222 223 224 225 220 226 216 227 228 229 215 179 195 196 214 213 212 196 195 194 193 211 179 210 209 178
0237S1 =>  174 175 176 177 178 179 180 181 182 183 186
0237S2 =>  186 187 188 189 186 183 182 190 180 191 179 180 178
0238S1 =>  174 175 176 177 178 179 180 191 179 230 231 232 233 234 235 236
0238S2 =>  236 199 198 122 197 202 195 194 192 179 180 178
0240S1 =>  174 175 176 177 178 179 180 191 179 192 193 194 195 196
0240S2 =>  197 122 198 199 200 201 197 202 195 194 193 192 179 180 178
0800S1 =>  178 144 237 149 238 239
0800S2 =>  129 150 240 241 242 243 244
0802S1 =>  178 245 246 247 144 149 238 239
0802S2 =>  129 238 144 247 246 245 243 244
